3 0.4789983844911147 0.5548128342245989 0.01615508885298869 0.14171122994652405
3 0.4931340872374798 0.5481283422459893 0.016962843295638127 0.1497326203208556
3 0.23667205169628436 0.7085561497326203 0.06462035541195477 0.5026737967914439
3 0.2609046849757674 0.6056149732620321 0.030694668820678516 0.24331550802139035
0 0.12924071082390953 0.6644385026737968 0.25848142164781907 0.6657754010695187
3 0.2431340872374798 0.6109625668449198 0.0420032310177706 0.27005347593582885
3 0.6526655896607432 0.6163101604278074 0.04361873990306947 0.35561497326203206
3 0.8578352180936996 0.6550802139037433 0.07431340872374799 0.4652406417112299
3 0.2806946688206785 0.5802139037433155 0.023424878836833606 0.1764705882352941
3 0.41033925686591277 0.5481283422459893 0.012924071082390954 0.13903743315508021
0 0.3352180936995154 0.5641711229946523 0.0888529886914378 0.23529411764705882
1 0.3731825525040388 0.5401069518716577 0.053311793214862686 0.1711229946524064
