3 0.6405492730210016 0.7032085561497325 0.08562197092084008 0.5882352941176471
3 0.5961227786752827 0.6724598930481283 0.051696284329563816 0.47326203208556145
3 0.46082390953150243 0.6537433155080213 0.050888529886914384 0.4411764705882353
3 0.3638933764135703 0.6189839572192513 0.0444264943457189 0.3609625668449198
3 0.5415993537964459 0.6029411764705882 0.0444264943457189 0.35561497326203206
3 0.4293214862681745 0.5762032085561497 0.036348949919224556 0.31283422459893045
3 0.46365105008077545 0.6336898395721925 0.04038772213247173 0.3582887700534759
3 0.4596122778675283 0.5508021390374331 0.05492730210016156 0.27807486631016043
3 0.49111470113085626 0.5922459893048128 0.0420032310177706 0.33957219251336895
0 0.38852988691437806 0.5467914438502673 0.07592891760904685 0.18449197860962566
