3 0.6078352180936996 0.624331550802139 0.04281098546042004 0.35561497326203206
3 0.3432956381260097 0.5868983957219251 0.030694668820678516 0.28074866310160423
3 0.28594507269789987 0.5855614973262032 0.025848142164781908 0.267379679144385
3 0.7269789983844912 0.5748663101604278 0.030694668820678516 0.27807486631016043
3 0.6946688206785138 0.5681818181818181 0.035541195476575124 0.27540106951871657
3 0.5379644588045235 0.5427807486631016 0.024232633279483037 0.1925133689839572
3 0.6066235864297254 0.622994652406417 0.030694668820678516 0.3155080213903743
3 0.592891760904685 0.5989304812834224 0.04038772213247173 0.27807486631016043
3 0.5751211631663975 0.5882352941176471 0.02261712439418417 0.2459893048128342
3 0.6417609046849758 0.5574866310160428 0.026655896607431343 0.24331550802139035
3 0.6462035541195477 0.5334224598930482 0.024232633279483037 0.20053475935828877
0 0.46486268174474965 0.5133689839572192 0.03796445880452343 0.0962566844919786
