3 0.7516155088852989 0.6978609625668449 0.0912762520193861 0.5989304812834224
3 0.30856219709208405 0.5548128342245989 0.03231017770597738 0.27540106951871657
3 0.6853796445880452 0.6898395721925134 0.05735056542810986 0.5133689839572192
3 0.5407915993537965 0.660427807486631 0.05250403877221325 0.4598930481283422
3 0.42366720516962847 0.624331550802139 0.04604200323101777 0.37700534759358284
3 0.6009693053311793 0.6029411764705882 0.050080775444264945 0.3716577540106952
3 0.48586429725363495 0.5775401069518716 0.0395799676898223 0.3155080213903743
3 0.5476575121163166 0.6443850267379678 0.04038772213247173 0.3850267379679144
3 0.5298869143780292 0.553475935828877 0.038772213247172865 0.2887700534759358
3 0.5597738287560582 0.6042780748663101 0.06623586429725364 0.3529411764705882
0 0.4087237479806139 0.5427807486631016 0.07108239095315025 0.1764705882352941
