0 0.3839869281045752 0.5486486486486487 0.0784313725490196 0.1783783783783784
3 0.75 0.4648648648648649 0.05555555555555556 0.15675675675675677
3 0.6899509803921569 0.46621621621621623 0.04493464052287582 0.13783783783783785
3 0.44240196078431376 0.5054054054054055 0.022058823529411766 0.14054054054054055
3 0.5706699346405228 0.47432432432432436 0.03022875816993464 0.0945945945945946
3 0.3464052287581699 0.5094594594594595 0.01797385620915033 0.15405405405405406
3 0.2193627450980392 0.5364864864864866 0.025326797385620915 0.12162162162162163
3 0.21160130718954248 0.5405405405405406 0.026143790849673203 0.11891891891891893
3 0.2667483660130719 0.5378378378378379 0.05310457516339869 0.15675675675675677
3 0.2949346405228758 0.5202702702702703 0.016339869281045753 0.12162162162162163
3 0.2888071895424837 0.5270270270270271 0.018790849673202614 0.14594594594594595
3 0.3545751633986928 0.5108108108108108 0.011437908496732027 0.15135135135135136
0 0.9031862745098039 0.43783783783783786 0.09558823529411765 0.0918918918918919
