3 0.6526655896607432 0.7192513368983957 0.06462035541195477 0.5561497326203209
3 0.7338449111470113 0.7005347593582887 0.08966074313408724 0.5935828877005347
3 0.17851373182552505 0.7192513368983957 0.0791599353796446 0.5561497326203209
3 0.6175282714054928 0.5775401069518716 0.025040387722132473 0.23529411764705882
3 0.6199515347334411 0.5668449197860962 0.025040387722132473 0.20855614973262032
3 0.9672859450726979 0.5254010695187166 0.04119547657512117 0.25935828877005346
3 0.7427302100161551 0.5307486631016043 0.020193861066235864 0.20053475935828877
3 0.9095315024232634 0.6871657754010695 0.06462035541195477 0.5240641711229946
0 0.43255250403877227 0.5254010695187166 0.04765751211631664 0.14171122994652405
1 0.4781906300484653 0.5013368983957219 0.030694668820678516 0.08823529411764705
