3 0.37336601307189543 0.591891891891892 0.04575163398692811 0.35135135135135137
0 0.45383986928104575 0.5243243243243243 0.05310457516339869 0.14594594594594595
3 0.21323529411764708 0.5243243243243243 0.02777777777777778 0.2
3 0.11968954248366014 0.5216216216216216 0.02696078431372549 0.23243243243243245
3 0.12418300653594772 0.47972972972972977 0.016339869281045753 0.17027027027027028
0 0.9129901960784313 0.5756756756756757 0.1576797385620915 0.15675675675675677
0 0.8284313725490197 0.5527027027027027 0.08823529411764706 0.13243243243243244
0 0.8933823529411765 0.5567567567567568 0.09885620915032681 0.12432432432432433
0 0.9477124183006537 0.5581081081081082 0.10294117647058824 0.12702702702702703
3 0.1119281045751634 0.5202702702702703 0.022875816993464054 0.21351351351351353
3 0.17034313725490197 0.4864864864864865 0.02042483660130719 0.1837837837837838
3 0.14583333333333334 0.49324324324324326 0.018790849673202614 0.16486486486486487
3 0.2267156862745098 0.49459459459459465 0.010620915032679739 0.13513513513513514
3 0.20915032679738563 0.4851351351351352 0.013071895424836602 0.14324324324324325
3 0.20016339869281047 0.4918918918918919 0.011437908496732027 0.12432432432432433
3 0.18382352941176472 0.4891891891891892 0.013071895424836602 0.13513513513513514
0 0.505718954248366 0.5 0.029411764705882353 0.07567567567567568
3 0.18668300653594772 0.472972972972973 0.012254901960784314 0.11891891891891893
