3 0.23366013071895425 0.5121621621621621 0.022875816993464054 0.1810810810810811
3 0.31495098039215685 0.49324324324324326 0.015522875816993464 0.12162162162162163
3 0.11519607843137256 0.518918918918919 0.026143790849673203 0.23243243243243245
3 0.21650326797385622 0.472972972972973 0.013071895424836602 0.11891891891891893
0 0.46200980392156865 0.5027027027027027 0.03022875816993464 0.07567567567567568
0 0.8284313725490197 0.5527027027027027 0.08823529411764706 0.13243243243243244
0 0.8933823529411765 0.5567567567567568 0.09885620915032681 0.12432432432432433
0 0.9477124183006537 0.5581081081081082 0.10294117647058824 0.12702702702702703
3 0.10253267973856209 0.5216216216216216 0.031862745098039214 0.21621621621621623
3 0.25245098039215685 0.47702702702702704 0.014705882352941176 0.12702702702702703
3 0.23447712418300654 0.48378378378378384 0.022875816993464054 0.11351351351351352
3 0.15400326797385622 0.522972972972973 0.02042483660130719 0.20270270270270271
3 0.11764705882352941 0.5081081081081081 0.0196078431372549 0.21081081081081082
3 0.9133986928104575 0.7216216216216217 0.11111111111111112 0.5513513513513514
3 0.41339869281045755 0.4891891891891892 0.00980392156862745 0.08108108108108109
3 0.10620915032679738 0.5135135135135136 0.01797385620915033 0.1783783783783784
3 0.07720588235294118 0.5081081081081081 0.028594771241830068 0.2
0 0.505718954248366 0.5 0.029411764705882353 0.07567567567567568
3 0.18668300653594772 0.472972972972973 0.008986928104575164 0.11891891891891893
3 0.9791666666666667 0.5351351351351352 0.010620915032679739 0.0972972972972973
