0 0.1139291465378422 0.772 0.2278582930756844 0.45066666666666666
0 0.8808373590982287 0.7453333333333333 0.23671497584541062 0.504
1 0.22987117552334943 0.648 0.2359098228663446 0.576
0 0.7411433172302737 0.728 0.25684380032206117 0.4746666666666666
0 0.6396940418679549 0.5933333333333333 0.07971014492753623 0.22133333333333333
1 0.1215780998389694 0.5053333333333333 0.2431561996779388 0.312
0 0.6489533011272142 0.5306666666666666 0.07890499194847021 0.192
1 0.5036231884057971 0.484 0.029790660225442835 0.104
1 0.7121578099838969 0.46399999999999997 0.1280193236714976 0.16
0 0.40096618357487923 0.512 0.033816425120772944 0.07466666666666666
0 0.35466988727858295 0.49466666666666664 0.0426731078904992 0.104
