0 0.47663174858984686 0.5119680851063829 0.0185334407735697 0.05053191489361702
0 0.11120064464141821 0.7513297872340425 0.22240128928283642 0.4920212765957447
1 0.038678485092667206 0.6170212765957447 0.07735697018533441 0.3457446808510638
0 0.5970991136180499 0.6236702127659575 0.12087026591458501 0.27925531914893614
0 0.2876712328767123 0.6023936170212766 0.0983078162771958 0.19414893617021275
1 0.19419822723609992 0.5545212765957447 0.1192586623690572 0.2047872340425532
0 0.34206285253827556 0.5664893617021276 0.060435132957292505 0.13297872340425532
0 0.45245769540692987 0.5359042553191489 0.0362610797743755 0.10904255319148935
0 0.2836422240128928 0.5412234042553191 0.0580177276390008 0.10372340425531915
0 0.3855761482675262 0.523936170212766 0.0265914585012087 0.06914893617021277
1 0.3134568896051571 0.5119680851063829 0.043513295729250605 0.10372340425531915
0 0.39363416599516515 0.5119680851063829 0.021756647864625302 0.05585106382978723
1 0.40531829170024175 0.4920212765957447 0.0177276390008058 0.07446808510638298
