3 0.9325525040387723 0.6671122994652406 0.13327948303715673 0.660427807486631
3 0.5739095315024233 0.6724598930481283 0.05411954765751212 0.46256684491978606
3 0.1050080775444265 0.6871657754010695 0.210016155088853 0.6203208556149732
3 0.23424878836833604 0.7232620320855615 0.1987075928917609 0.5481283422459893
3 0.7782714054927302 0.5374331550802138 0.03311793214862682 0.3957219251336898
3 0.7984652665589661 0.5574866310160428 0.04765751211631664 0.3449197860962567
3 0.26453957996768984 0.7473262032085561 0.07189014539579969 0.3449197860962567
3 0.342891760904685 0.6176470588235293 0.04927302100161551 0.1818181818181818
3 0.40670436187399034 0.5427807486631016 0.015347334410339258 0.1711229946524064
3 0.3921647819063005 0.5481283422459893 0.015347334410339258 0.16042780748663102
3 0.46122778675282716 0.5441176470588235 0.01615508885298869 0.17379679144385027
3 0.47253634894991925 0.5187165775401069 0.012924071082390954 0.1336898395721925
3 0.48828756058158324 0.5387700534759358 0.01373182552504039 0.16310160427807485
3 0.41033925686591277 0.5360962566844919 0.01615508885298869 0.16310160427807485
