3 0.5920840064620356 0.6163101604278074 0.035541195476575124 0.32887700534759357
3 0.35420032310177707 0.5788770053475936 0.02988691437802908 0.24866310160427807
3 0.3130048465266559 0.5788770053475936 0.021809369951534735 0.23796791443850265
3 0.7007269789983845 0.5628342245989304 0.02988691437802908 0.24331550802139035
3 0.6704361873990308 0.5548128342245989 0.025848142164781908 0.23796791443850265
3 0.5355411954765752 0.5454545454545454 0.02261712439418417 0.18716577540106952
3 0.6046042003231018 0.6122994652406417 0.03150242326332795 0.2994652406417112
3 0.5718901453957997 0.5842245989304813 0.025848142164781908 0.23796791443850265
3 0.6336833602584815 0.5548128342245989 0.025040387722132473 0.23262032085561496
3 0.6401453957996769 0.5307486631016043 0.018578352180936997 0.19518716577540104
0 0.46728594507269794 0.517379679144385 0.036348949919224556 0.09358288770053476
