0 0.9473039215686275 0.568918918918919 0.10375816993464053 0.13783783783783785
0 0.8941993464052288 0.5608108108108109 0.10212418300653595 0.13243243243243244
0 0.8251633986928105 0.5608108108108109 0.09477124183006536 0.14324324324324325
0 0.505718954248366 0.5054054054054055 0.02777777777777778 0.08108108108108109
3 0.09150326797385622 0.7297297297297298 0.18300653594771243 0.5351351351351352
3 0.6633986928104575 0.6054054054054054 0.04575163398692811 0.3675675675675676
3 0.6973039215686275 0.6081081081081081 0.04820261437908497 0.32432432432432434
3 0.41625816993464054 0.5662162162162162 0.03839869281045752 0.27297297297297296
3 0.24550653594771243 0.5243243243243243 0.02696078431372549 0.21081081081081082
3 0.27532679738562094 0.5337837837837838 0.026143790849673203 0.1918918918918919
3 0.1825980392156863 0.5108108108108108 0.022058823529411766 0.1891891891891892
3 0.2099673202614379 0.5108108108108108 0.0196078431372549 0.1837837837837838
3 0.2406045751633987 0.5135135135135136 0.018790849673202614 0.16756756756756758
