0 0.49556809024979853 0.5611702127659575 0.06607574536663981 0.19680851063829788
0 0.09750201450443191 0.6369680851063829 0.19500402900886382 0.2632978723404255
0 0.24818694601128122 0.6569148936170213 0.17405318291700242 0.3404255319148936
0 0.3690572119258662 0.5531914893617021 0.0596293311845286 0.1276595744680851
0 0.3049959709911362 0.5398936170212766 0.0636583400483481 0.11702127659574468
0 0.4049153908138598 0.523936170212766 0.0427074939564867 0.09574468085106383
0 0.1232876712328767 0.5731382978723404 0.13215149073327961 0.1622340425531915
0 0.2119258662369057 0.5412234042553191 0.072522159548751 0.11436170212765957
1 0.33722804190169214 0.49601063829787234 0.0362610797743755 0.08244680851063829
0 0.5314262691377921 0.4986702127659574 0.0169218372280419 0.0398936170212766
