3 0.7973856209150327 0.5094594594594595 0.07189542483660132 0.26216216216216215
3 0.7916666666666667 0.4783783783783784 0.01797385620915033 0.17297297297297298
3 0.33619281045751637 0.6932432432432433 0.07434640522875817 0.6081081081081081
3 0.24101307189542484 0.6716216216216216 0.08169934640522876 0.6081081081081081
3 0.30637254901960786 0.664864864864865 0.08169934640522876 0.664864864864865
3 0.6556372549019608 0.5243243243243243 0.03022875816993464 0.22702702702702704
3 0.8598856209150327 0.495945945945946 0.07598039215686275 0.20810810810810812
3 0.880718954248366 0.5148648648648649 0.02777777777777778 0.2783783783783784
3 0.9113562091503268 0.5094594594594595 0.03349673202614379 0.327027027027027
3 0.8929738562091504 0.5297297297297298 0.026143790849673203 0.2648648648648649
1 0.49387254901960786 0.4554054054054054 0.015522875816993464 0.05675675675675676
