0 0.09178743961352658 0.6773333333333333 0.18357487922705315 0.64
0 0.8357487922705314 0.7666666666666666 0.32689210950080516 0.4613333333333333
0 0.10265700483091787 0.6146666666666667 0.20531400966183574 0.45599999999999996
0 0.1610305958132045 0.62 0.23027375201288244 0.30666666666666664
0 0.20491143317230273 0.576 0.21980676328502416 0.26666666666666666
0 0.31199677938808373 0.536 0.12640901771336555 0.14933333333333332
0 0.3494363929146538 0.508 0.09500805152979067 0.14666666666666667
0 0.5660225442834138 0.54 0.05475040257648953 0.13599999999999998
0 0.6662640901771336 0.6506666666666666 0.1537842190016103 0.3413333333333333
0 0.5402576489533011 0.504 0.03542673107890499 0.10133333333333333
0 0.38123993558776165 0.5026666666666666 0.07971014492753623 0.09333333333333332
