3 0.66437802907916 0.6791443850267379 0.05896607431340873 0.5080213903743315
3 0.7366720516962844 0.6697860962566845 0.07592891760904685 0.5213903743315508
3 0.13126009693053312 0.6858288770053476 0.05573505654281099 0.48930481283422456
3 0.38045234248788373 0.5815508021390374 0.029079159935379646 0.28074866310160423
3 0.5739095315024233 0.5374331550802138 0.026655896607431343 0.20855614973262032
3 0.744345718901454 0.5721925133689839 0.0654281098546042 0.32085561497326204
3 0.9406300484652667 0.5601604278074866 0.05411954765751212 0.3877005347593583
3 0.8255250403877222 0.5441176470588235 0.033925686591276254 0.30213903743315507
3 0.3852988691437803 0.5481283422459893 0.0210016155088853 0.1764705882352941
3 0.3667205169628433 0.5454545454545454 0.014539579967689823 0.1818181818181818
0 0.45395799676898224 0.48262032085561496 0.02261712439418417 0.07754010695187165
0 0.3873182552504039 0.5106951871657753 0.062197092084006464 0.1764705882352941
1 0.4087237479806139 0.5040106951871658 0.04038772213247173 0.13636363636363635
