3 0.8049273021001616 0.6283422459893048 0.06704361873990307 0.5454545454545454
3 0.5084814216478191 0.6029411764705882 0.04119547657512117 0.35026737967914434
3 0.051292407108239096 0.6644385026737968 0.06865912762520195 0.46256684491978606
3 0.3210823909531503 0.6323529411764706 0.04765751211631664 0.42513368983957217
3 0.7067851373182553 0.606951871657754 0.05815831987075929 0.5187165775401069
3 0.3844911147011309 0.6203208556149732 0.051696284329563816 0.3368983957219251
3 0.33239095315024236 0.6377005347593583 0.04604200323101777 0.22727272727272727
3 0.45718901453958 0.5280748663101604 0.014539579967689823 0.15775401069518716
3 0.47980613893376417 0.516042780748663 0.014539579967689823 0.1497326203208556
3 0.43053311793214866 0.5200534759358288 0.01615508885298869 0.14705882352941177
