3 0.09289176090468498 0.8422459893048128 0.18578352180936997 0.3101604278074866
3 0.35500807754442654 0.6898395721925134 0.05250403877221325 0.5668449197860962
3 0.3008885298869144 0.7152406417112299 0.07512116316639741 0.5641711229946523
3 0.5282714054927302 0.5334224598930482 0.02746365105008078 0.23262032085561496
3 0.40064620355411956 0.5080213903743315 0.017770597738287562 0.1497326203208556
3 0.39337641357027464 0.5080213903743315 0.014539579967689823 0.13903743315508021
3 0.5197899838449112 0.49866310160427807 0.015347334410339258 0.15775401069518716
3 0.5666397415185784 0.5334224598930482 0.020193861066235864 0.22192513368983957
3 0.5989499192245558 0.5013368983957219 0.020193861066235864 0.18449197860962566
3 0.6155088852988692 0.48262032085561496 0.01615508885298869 0.16310160427807485
0 0.4684975767366721 0.48262032085561496 0.029079159935379646 0.07754010695187165
3 0.29038772213247177 0.5588235294117647 0.04765751211631664 0.23529411764705882
3 0.5868336025848142 0.5267379679144385 0.016962843295638127 0.18716577540106952
