3 0.11437908496732027 0.5702702702702703 0.0392156862745098 0.3081081081081081
3 0.09272875816993464 0.5594594594594595 0.03022875816993464 0.3027027027027027
3 0.673202614379085 0.5554054054054054 0.042483660130718956 0.30000000000000004
3 0.4963235294117647 0.5527027027027027 0.02042483660130719 0.20810810810810812
3 0.3946078431372549 0.5054054054054055 0.022875816993464054 0.14054054054054055
3 0.6474673202614379 0.495945945945946 0.015522875816993464 0.15945945945945947
3 0.5584150326797386 0.472972972972973 0.01388888888888889 0.0972972972972973
3 0.5310457516339869 0.4851351351351352 0.008169934640522876 0.1
3 0.5428921568627452 0.47972972972972977 0.007352941176470588 0.1
3 0.5902777777777778 0.4648648648648649 0.010620915032679739 0.0972972972972973
3 0.6008986928104575 0.46621621621621623 0.008986928104575164 0.10540540540540541
