0 0.4778404512489927 0.523936170212766 0.0354552780016116 0.10638297872340426
0 0.15189363416599516 0.7353723404255319 0.3037872683319903 0.523936170212766
0 0.060435132957292505 0.6861702127659575 0.12087026591458501 0.3457446808510638
0 0.2679290894439968 0.550531914893617 0.0862207896857373 0.16489361702127658
0 0.36784850926672036 0.5718085106382979 0.07655116841257051 0.1702127659574468
0 0.3271555197421434 0.5345744680851063 0.056406124093473 0.10638297872340426
0 0.4198227236099919 0.5332446808510638 0.040290088638195005 0.09308510638297872
0 0.38839645447219984 0.5106382978723404 0.0290088638195004 0.06382978723404255
1 0.4411764705882353 0.4800531914893617 0.021756647864625302 0.08776595744680851
0 0.0676873489121676 0.5944148936170213 0.1353746978243352 0.19946808510638298
0 0.18170829975825947 0.5531914893617021 0.0878323932312651 0.13297872340425532
