3 0.3047385620915033 0.5783783783783785 0.03758169934640523 0.31351351351351353
0 0.46282679738562094 0.5040540540540541 0.03676470588235294 0.10540540540540541
3 0.2406045751633987 0.5162162162162163 0.022058823529411766 0.1783783783783784
3 0.11846405228758171 0.518918918918919 0.03104575163398693 0.23243243243243245
3 0.1433823529411765 0.47972972972972977 0.025326797385620915 0.15945945945945947
0 0.7651143790849674 0.5675675675675675 0.14460784313725492 0.15675675675675677
0 0.8284313725490197 0.5527027027027027 0.08823529411764706 0.13243243243243244
0 0.8933823529411765 0.5567567567567568 0.09885620915032681 0.12432432432432433
0 0.9477124183006537 0.5581081081081082 0.10294117647058824 0.12702702702702703
3 0.11029411764705882 0.5216216216216216 0.021241830065359478 0.21081081081081082
3 0.16299019607843138 0.48243243243243245 0.015522875816993464 0.17567567567567569
3 0.13643790849673204 0.4905405405405406 0.021241830065359478 0.15405405405405406
3 0.2193627450980392 0.49864864864864866 0.015522875816993464 0.14324324324324325
3 0.2013888888888889 0.4918918918918919 0.015522875816993464 0.15135135135135136
3 0.19240196078431374 0.49459459459459465 0.012254901960784314 0.12972972972972974
3 0.17973856209150327 0.4905405405405406 0.016339869281045753 0.14324324324324325
0 0.505718954248366 0.5 0.029411764705882353 0.07567567567567568
3 0.18668300653594772 0.472972972972973 0.008986928104575164 0.11891891891891893
