0 0.6007252215954875 0.5837765957446809 0.08299758259468171 0.18882978723404256
0 0.2038678485092667 0.7273936170212766 0.24818694601128122 0.4920212765957447
0 0.5273972602739726 0.5066489361702128 0.0298146655922643 0.07180851063829786
0 0.058823529411764705 0.6648936170212766 0.11764705882352941 0.3404255319148936
0 0.34286865431103947 0.5917553191489362 0.10072522159548751 0.2154255319148936
0 0.23690572119258663 0.5691489361702128 0.0983078162771958 0.1595744680851064
0 0.3102336825141015 0.5398936170212766 0.056406124093473 0.10638297872340426
1 0.35092667203867844 0.5066489361702128 0.0362610797743755 0.09840425531914894
0 0.42344883158742946 0.5159574468085106 0.0298146655922643 0.06914893617021277
1 0.37993553585817885 0.49468085106382975 0.0346494762288477 0.0797872340425532
0 0.43553585817888796 0.5039893617021276 0.021756647864625302 0.05585106382978723
0 0.48509266720386784 0.5053191489361702 0.022562449637389202 0.06914893617021277
0 0.5028203062046737 0.4906914893617021 0.011281224818694601 0.034574468085106384
