3 0.31098546042003233 0.7085561497326203 0.07592891760904685 0.5775401069518716
3 0.32148626817447495 0.7205882352941176 0.053311793214862686 0.5481283422459893
3 0.212843295638126 0.731283422459893 0.05735056542810986 0.5267379679144385
3 0.15266558966074315 0.6684491978609626 0.06138933764135703 0.4064171122994652
3 0.37156704361873993 0.6310160427807486 0.037156704361873995 0.4064171122994652
3 0.2189014539579968 0.6844919786096256 0.04684975767366721 0.4117647058823529
3 0.31987075928917613 0.6403743315508021 0.05815831987075929 0.3877005347593583
0 0.3210823909531503 0.5962566844919786 0.10581583198707593 0.23529411764705882
3 0.3994345718901454 0.5227272727272727 0.021809369951534735 0.15775401069518716
3 0.5387722132471728 0.5093582887700534 0.017770597738287562 0.15240641711229946
3 0.4390145395799677 0.5147058823529411 0.01050080775444265 0.12032085561497326
3 0.4483037156704362 0.5120320855614973 0.011308562197092085 0.12566844919786097
