3 0.5359450726978999 0.7032085561497325 0.05896607431340873 0.5882352941176471
3 0.5092891760904685 0.6711229946524063 0.08319870759289176 0.4598930481283422
3 0.3869143780290792 0.6617647058823529 0.053311793214862686 0.4411764705882353
3 0.30048465266558966 0.6256684491978609 0.0420032310177706 0.3636363636363636
3 0.4830371567043619 0.6016042780748663 0.04038772213247173 0.3529411764705882
3 0.361470113085622 0.5842245989304813 0.03311793214862682 0.3181818181818182
3 0.3937802907915994 0.6363636363636364 0.04765751211631664 0.3582887700534759
3 0.41195476575121165 0.5614973262032085 0.05492730210016156 0.27807486631016043
3 0.4422455573505655 0.6002673796791443 0.04281098546042004 0.33957219251336895
0 0.36793214862681745 0.5601604278074866 0.0815831987075929 0.19518716577540104
