0 0.47824335213537467 0.5106382978723404 0.0346494762288477 0.10638297872340426
0 0.0547945205479452 0.6555851063829787 0.1095890410958904 0.300531914893617
0 0.18090249798549557 0.6702127659574468 0.21353746978243351 0.35638297872340424
1 0.2304593070104754 0.5465425531914894 0.1031426269137792 0.19946808510638298
1 0.3734891216760677 0.5039893617021276 0.0749395648670427 0.22606382978723405
0 0.2912973408541499 0.5398936170212766 0.057211925866236905 0.10638297872340426
0 0.40975020145044316 0.5026595744680851 0.0362610797743755 0.09574468085106383
0 0.4246575342465753 0.5053191489361702 0.024174053182917002 0.05851063829787234
1 0.4367445608380338 0.47473404255319146 0.022562449637389202 0.08244680851063829
0 0.14544721998388396 0.5638297872340425 0.11361804995970991 0.15425531914893617
