0 0.29820261437908496 0.6567567567567568 0.16993464052287582 0.34594594594594597
3 0.9501633986928105 0.4554054054054054 0.07679738562091504 0.20270270270270271
3 0.494281045751634 0.5216216216216216 0.03104575163398693 0.21081081081081082
3 0.7201797385620915 0.46621621621621623 0.040032679738562095 0.11621621621621622
3 0.3366013071895425 0.5418918918918919 0.02777777777777778 0.24054054054054055
3 0.7336601307189543 0.4648648648648649 0.024509803921568627 0.13513513513513514
3 0.14705882352941177 0.5662162162162162 0.022875816993464054 0.17567567567567569
3 0.13112745098039216 0.5743243243243243 0.02369281045751634 0.17027027027027028
3 0.2741013071895425 0.5608108108108109 0.0727124183006536 0.21891891891891893
3 0.15155228758169936 0.5675675675675675 0.03022875816993464 0.1783783783783784
3 0.11764705882352941 0.577027027027027 0.03594771241830066 0.22432432432432434
3 0.23284313725490197 0.5486486486486487 0.021241830065359478 0.21621621621621623
0 0.9848856209150327 0.41216216216216217 0.028594771241830068 0.11621621621621622
0 0.9309640522875817 0.45 0.11683006535947713 0.1
