0 0.4480257856567284 0.5359042553191489 0.045124899274778404 0.1356382978723404
0 0.34730056406124094 0.5771276595744681 0.0789685737308622 0.20212765957446807
0 0.0741337630942788 0.6808510638297872 0.1482675261885576 0.3457446808510638
0 0.033037872683319904 0.6103723404255319 0.06607574536663981 0.2154255319148936
0 0.2401289282836422 0.5625 0.0821917808219178 0.14627659574468085
1 0.12651087832393232 0.5359042553191489 0.1160354552780016 0.19414893617021275
0 0.2953263497179694 0.538563829787234 0.0491539081385979 0.09840425531914894
0 0.2248186946011281 0.5345744680851063 0.0515713134568896 0.0851063829787234
1 0.34206285253827556 0.4920212765957447 0.033037872683319904 0.11702127659574468
2 0.3980660757453666 0.4640957446808511 0.020950846091861403 0.10904255319148935
