3 0.6883169934640523 0.5986486486486486 0.05147058823529412 0.22972972972972974
3 0.5118464052287582 0.6054054054054054 0.04330065359477124 0.24864864864864866
3 0.5502450980392157 0.5486486486486487 0.010620915032679739 0.0972972972972973
3 0.15972222222222224 0.5445945945945946 0.015522875816993464 0.14864864864864866
3 0.17687908496732027 0.5391891891891892 0.018790849673202614 0.12702702702702703
3 0.5065359477124183 0.5418918918918919 0.02777777777777778 0.10540540540540541
3 0.2957516339869281 0.5513513513513514 0.014705882352941176 0.13513513513513514
3 0.28758169934640526 0.5472972972972974 0.014705882352941176 0.11621621621621622
3 0.5081699346405228 0.5364864864864866 0.00980392156862745 0.11081081081081082
3 0.5249183006535948 0.5554054054054054 0.01388888888888889 0.11081081081081082
